#TriangulatedMeshVersion2.0
; Biosense Webster Triangulated Mesh file format, 2008
; Rights Biosense Webster, LTD
; http://www.biosensewebster.com

[GeneralAttributes]
MeshID                 = 15
MeshName               = 
NumVertex              = 7749
NumTriangle            = 15492
TopologyStatus         = 4
MeshColor              = 0.00000   1.00000   0.00000   1.00000   
Matrix                 = 1 0 0 0 0 1 0 0 0 0 1 0 0 0 0 1
NumVertexColors        = 13
ColorsIDs              = 0  1  2  3  4  5  6  7  8  9  10  11  12  
ColorsNames            = Unipolar  Bipolar  LAT  Impedance  A1  A2  A2-A1  SCI  ICL  ACL  Force  Paso  µBi  

[VerticesSection]
;                   X             Y             Z        NormalX   NormalY   NormalZ  GroupID

       0 =        38.822        -8.026        57.412    -0.31328  -0.66712  -0.67588        0
       1 =        39.270        -7.390        56.777    -0.38702  -0.20698  -0.89854        0
       2 =        39.558        -7.757        56.994     0.40325  -0.70623  -0.58192        0
    7742 =       -22.749       -46.732       138.623    -0.14017  -0.12724   0.98192        0
    7743 =       -14.234       -51.101       138.722    -0.06402  -0.26139   0.96311        0
    7744 =       -13.037       -50.394       138.960    -0.03290  -0.23178   0.97221        0
    7745 =       -12.645       -52.710       138.428    -0.09992  -0.21021   0.97254        0
    7746 =       -29.133       -46.888       137.530    -0.24222  -0.08438   0.96655        0
    7747 =       -13.315       -52.508       138.419    -0.08601  -0.23306   0.96865        0
    7748 =       -14.988       -51.933       138.426    -0.07829  -0.27402   0.95853        0

[TrianglesSection]
;           Vertex0  Vertex1  Vertex2     NormalX   NormalY   NormalZ  GroupID

       0 =        0        1        2    -0.20831  -0.61395  -0.76137        0
       1 =        3        1        0    -0.47623  -0.43057  -0.76669        0
       2 =        4        2        1    -0.00652  -0.51318  -0.85825        0
       3 =        5        0        2    -0.02388  -0.82140  -0.56985        0
   15487 =     7746     7741     7730    -0.19989  -0.07401   0.97702        0
   15488 =     7747     7710     7743    -0.06576  -0.25135   0.96566        0
   15489 =     7738     7717     7747    -0.11391  -0.21967   0.96890        0
   15490 =     7743     7748     7738    -0.07190  -0.27603   0.95846        0
   15491 =     7738     7747     7743    -0.09403  -0.26831   0.95873        0

[VerticesColorsSection]
; Color Value= -10000 indicates invalid data for this coloring for this point
;                Unipolar       Bipolar           LAT     Impedance            A1            A2         A2-A1           SCI           ICL           ACL         Force          Paso           µBi

       0 =        0.68085       0.04197     -74.00009     130.75000   10000.00000   10000.00000   10000.00000   10000.00000   10000.00000   10000.00000       8.00000   10000.00000       0.30900
       1 =        0.68085       0.04197     -74.00009     130.75000   10000.00000   10000.00000   10000.00000   10000.00000   10000.00000   10000.00000       8.00000   10000.00000       0.30900
       2 =        0.68085       0.04197     -74.00009     130.75000   10000.00000   10000.00000   10000.00000   10000.00000   10000.00000   10000.00000       8.00000   10000.00000       0.30900
       3 =        0.68085       0.04197     -74.00009     130.75000   10000.00000   10000.00000   10000.00000   10000.00000   10000.00000   10000.00000       8.00000   10000.00000       0.30900
       4 =        0.68085       0.04197     -74.00009     130.75000   10000.00000   10000.00000   10000.00000   10000.00000   10000.00000   10000.00000       8.00000   10000.00000       0.30900
       5 =        0.68085       0.04197     -74.00009     130.75000   10000.00000   10000.00000   10000.00000   10000.00000   10000.00000   10000.00000       8.00000   10000.00000       0.30900
       6 =        0.68085       0.04197     -74.00009     130.75000   10000.00000   10000.00000   10000.00000   10000.00000   10000.00000   10000.00000       8.00000   10000.00000       0.30900
       7 =        0.68085       0.04197     -74.00009     130.75000   10000.00000   10000.00000   10000.00000   10000.00000   10000.00000   10000.00000       8.00000   10000.00000       0.30900
       8 =        0.68085       0.04197     -74.00009     130.75000   10000.00000   10000.00000   10000.00000   10000.00000   10000.00000   10000.00000       8.00000   10000.00000       0.30900
       9 =        0.68085       0.04197     -74.00009     130.75000   10000.00000   10000.00000   10000.00000   10000.00000   10000.00000   10000.00000       8.00000   10000.00000       0.30900
      10 =        0.68085       0.04197     -74.00009     130.75000   10000.00000   10000.00000   10000.00000   10000.00000   10000.00000   10000.00000       8.00000   10000.00000       0.30900
    7743 =        0.36180       0.03607      57.93324     130.75000   10000.00000   10000.00000   10000.00000   10000.00000   10000.00000   10000.00000       8.00000   10000.00000       0.30900
    7744 =        0.38075       0.03706      54.08195     130.75000   10000.00000   10000.00000   10000.00000   10000.00000   10000.00000   10000.00000       8.00000   10000.00000       0.30900
    7745 =        0.53406       0.04324      19.63434     130.75000   10000.00000   10000.00000   10000.00000   10000.00000   10000.00000   10000.00000       8.00000   10000.00000       0.30900
    7746 =        0.23593       0.03623      65.84978     130.75000   10000.00000   10000.00000   10000.00000   10000.00000   10000.00000   10000.00000       8.00000   10000.00000       0.30900
    7747 =        0.48512       0.04129      33.86270     130.75000   10000.00000   10000.00000   10000.00000   10000.00000   10000.00000   10000.00000       8.00000   10000.00000       0.30900
    7748 =        0.37566       0.03651      56.22157     130.75000   10000.00000   10000.00000   10000.00000   10000.00000   10000.00000   10000.00000       8.00000   10000.00000       0.30900

[VerticesAttributesSection]
; EML =0: Vertex is regular vertex (not EML)
;     =1: Vertex has a EML attribute
; extEml =0: Vertex is regular vertex (not extEml)
;     =1: Vertex has a extEml attribute
; SCAR =0: Vertex is regular vertex (not SCAR)
;      =1: Vertex has a SCAR attribute
;   EML	ExtEML	  SCAR	
       0 =      0	     0	     0
       1 =      0	     0	     0
       2 =      0	     0	     0
       3 =      0	     0	     0
       4 =      0	     0	     0
       5 =      0	     0	     0
       6 =      0	     0	     0
       7 =      0	     0	     0
       8 =      0	     0	     0
       9 =      0	     0	     0
      10 =      0	     0	     0
      11 =      0	     0	     0
      12 =      0	     0	     0